Sample	CT_CAPG_1	CT_CAPG_2	CT_CAPG_3	Average_CT1	CT_GAPDH_1	CT_GAPDH_2	CT_GAPDH_3	Average_CT2	жд_Average_CT
1	26.22 	26.58 	26.93 	26.58 	24.77 	24.51 	24.01 	24.43 	2.15 
2	28.34 	28.72 	28.16 	28.41 	26.11 	25.89 	26.34 	26.11 	2.29 
3	28.42 	28.85 	29.11 	28.79 	26.37 	26.82 	27.18 	26.79 	2.00 
4	26.62 	27.01 	27.50 	27.04 	28.83 	28.45 	28.15 	28.48 	-1.43 
5	29.73 	29.25 	28.87 	29.28 	26.41 	26.85 	27.31 	26.86 	2.43 
6	25.84 	26.32 	25.81 	25.99 	22.83 	23.25 	23.71 	23.26 	2.73 
7	27.98 	28.41 	28.94 	28.44 	26.73 	26.28 	25.88 	26.30 	2.15 
8	29.58 	29.11 	28.65 	29.11 	25.51 	25.94 	26.40 	25.95 	3.16 
9	26.77 	27.21 	26.70 	26.89 	24.06 	24.49 	24.95 	24.50 	2.39 
10	26.25 	26.74 	27.17 	26.72 	25.98 	26.41 	25.87 	26.09 	0.63 
11	28.30 	28.76 	29.21 	28.76 	32.35 	31.92 	31.52 	31.93 	-3.17 
12	29.56 	29.12 	28.63 	29.10 	30.08 	29.65 	30.11 	29.95 	-0.84 
13	28.06 	28.59 	28.97 	28.54 	23.69 	24.12 	24.58 	24.13 	4.41 
14	31.11 	30.65 	30.13 	30.63 	26.04 	26.47 	26.93 	26.48 	4.15 
15	32.30 	31.84 	32.39 	32.18 	27.35 	27.78 	27.24 	27.46 	4.72 
16	28.85 	29.32 	28.76 	28.98 	27.30 	26.87 	27.33 	27.17 	1.81 
17	30.08 	30.55 	31.04 	30.56 	20.56 	20.99 	21.45 	21.00 	9.56 
18	26.06 	26.53 	27.02 	26.54 	21.23 	21.66 	22.12 	21.67 	4.87 
19	35.14 	34.67 	34.18 	34.66 	21.17 	21.60 	22.06 	21.61 	13.05 
20	30.18 	30.65 	31.14 	30.66 	29.77 	29.34 	28.94 	29.35 	1.31 
21	37.23 	36.76 	36.27 	36.75 	29.82 	29.39 	29.85 	29.69 	7.07 
22	29.67 	30.14 	29.62 	29.81 	28.36 	28.79 	28.25 	28.47 	1.34 
23	32.57 	32.10 	31.61 	32.09 	29.46 	29.89 	29.35 	29.57 	2.53 
24	28.15 	28.62 	29.11 	28.63 	17.64 	18.07 	18.53 	18.08 	10.55 
25	27.41 	27.88 	28.37 	27.89 	31.48 	31.05 	30.65 	31.06 	-3.17 
26	21.88 	22.35 	22.80 	22.34 	21.24 	21.67 	22.13 	21.68 	0.66 
27	26.67 	27.14 	27.59 	27.13 	25.37 	25.80 	25.26 	25.48 	1.66 
28	28.50 	28.97 	29.42 	28.96 	27.30 	26.87 	27.33 	27.17 	1.80 
29	30.52 	30.99 	31.44 	30.98 	21.77 	22.20 	22.66 	22.21 	8.77 
30	34.75 	34.28 	33.83 	34.29 	25.73 	26.16 	25.62 	25.84 	8.45 
31	29.02 	29.49 	29.94 	29.48 	22.78 	23.21 	22.67 	22.89 	6.60 
32	29.75 	29.28 	28.79 	29.27 	22.34 	22.77 	23.23 	22.78 	6.49 
33	30.90 	31.37 	31.82 	31.36 	30.29 	29.86 	29.46 	29.87 	1.49 
34	26.82 	27.29 	27.78 	27.30 	21.46 	21.89 	22.35 	21.90 	5.40 
35	31.69 	32.16 	31.71 	31.85 	28.60 	28.17 	28.63 	28.47 	3.39 
36	31.01 	31.48 	31.93 	31.47 	28.71 	28.28 	27.88 	28.29 	3.18 
37	31.32 	31.79 	31.28 	31.46 	29.05 	29.48 	28.94 	29.16 	2.31 
38	31.34 	31.81 	31.26 	31.47 	25.70 	26.13 	25.59 	25.81 	5.66 
39	32.43 	32.90 	32.39 	32.57 	24.22 	24.65 	24.11 	24.33 	8.25 
40	23.66 	24.13 	24.58 	24.12 	25.01 	25.44 	24.90 	25.12 	-0.99 
41	33.02 	33.49 	32.94 	33.15 	32.53 	32.10 	31.70 	32.11 	1.04 
42	33.71 	34.18 	33.67 	33.85 	27.88 	28.31 	27.77 	27.99 	5.87 
43	24.66 	25.13 	25.58 	25.12 	21.92 	22.35 	22.81 	22.36 	2.76 
44	31.58 	32.05 	31.54 	31.72 	23.99 	24.42 	23.88 	24.10 	7.63 
45	31.63 	32.10 	31.55 	31.76 	24.31 	24.74 	24.20 	24.42 	7.34 
46	21.74 	22.21 	22.70 	22.22 	21.77 	22.20 	21.66 	21.88 	0.34 
47	31.37 	31.84 	31.29 	31.50 	26.26 	26.69 	26.15 	26.37 	5.13 
48	31.45 	31.92 	31.37 	31.58 	25.17 	25.60 	25.06 	25.28 	6.30 
49	29.61 	30.08 	29.57 	29.75 	23.84 	24.27 	23.73 	23.95 	5.81 
50	26.04 	26.51 	26.96 	26.50 	28.63 	28.06 	28.52 	28.40 	-1.90 
51	30.70 	31.17 	30.66 	30.84 	21.30 	21.73 	22.19 	21.74 	9.10 
52	30.71 	31.18 	30.63 	30.84 	27.92 	27.49 	27.95 	27.79 	3.05 
53	27.64 	28.11 	28.60 	28.12 	19.56 	19.99 	20.45 	20.00 	8.12 
54	28.24 	28.71 	29.16 	28.70 	27.99 	27.56 	28.02 	27.86 	0.85 
55	29.57 	30.04 	29.49 	29.70 	22.34 	22.77 	23.23 	22.78 	6.92 
56	28.92 	28.45 	28.00 	28.46 	21.33 	21.76 	22.22 	21.77 	6.69 
57	25.95 	26.42 	26.87 	26.41 	25.34 	25.77 	25.23 	25.45 	0.97 
58	31.59 	32.06 	31.51 	31.72 	27.80 	27.37 	27.83 	27.67 	4.05 
59	27.59 	28.06 	28.55 	28.07 	28.88 	28.45 	27.91 	28.41 	-0.35 
60	31.74 	32.21 	31.70 	31.88 	27.92 	28.35 	27.81 	28.03 	3.86 
61	34.52 	34.99 	34.44 	34.65 	28.34 	27.91 	28.37 	28.21 	6.44 
62	29.35 	29.82 	29.27 	29.48 	27.02 	27.45 	27.91 	27.46 	2.02 
63	30.96 	31.43 	30.92 	31.10 	26.84 	27.27 	26.73 	26.95 	4.16 
64	31.83 	32.30 	31.75 	31.96 	24.99 	25.42 	24.88 	25.10 	6.86 
65	27.52 	27.99 	28.44 	27.98 	24.88 	25.31 	24.77 	24.99 	3.00 
66	27.26 	27.73 	28.22 	27.74 	22.86 	23.29 	22.75 	22.97 	4.77 
67	24.83 	25.30 	25.75 	25.29 	20.84 	21.27 	20.73 	20.95 	4.35 
68	30.90 	31.37 	30.86 	31.04 	22.05 	22.48 	21.94 	22.16 	8.89 
69	25.51 	25.98 	26.43 	25.97 	22.60 	23.03 	22.49 	22.71 	3.27 
70	32.85 	33.32 	32.81 	32.99 	24.59 	24.02 	24.48 	24.36 	8.63 
71	25.41 	25.88 	26.33 	25.87 	20.63 	21.06 	21.52 	21.07 	4.80 
72	28.38 	28.85 	29.34 	28.86 	21.40 	21.83 	21.29 	21.51 	7.35 
73	26.18 	26.65 	27.10 	26.64 	23.58 	24.01 	23.47 	23.69 	2.96 
74	29.32 	29.79 	29.24 	29.45 	22.06 	22.49 	21.95 	22.17 	7.28 
75	29.04 	29.51 	29.96 	29.50 	29.45 	28.88 	29.34 	29.22 	0.28 
76	30.42 	30.89 	30.34 	30.55 	25.91 	26.34 	26.80 	26.35 	4.20 
77	31.39 	31.86 	31.35 	31.53 	31.40 	30.83 	31.29 	31.17 	0.36 
78	27.22 	27.69 	28.14 	27.68 	21.29 	21.72 	22.18 	21.73 	5.95 
79	30.73 	31.20 	30.69 	30.87 	25.36 	25.79 	25.25 	25.47 	5.41 
80	31.14 	31.61 	31.06 	31.27 	29.68 	29.11 	29.57 	29.45 	1.82 
81	27.89 	28.36 	28.85 	28.37 	21.46 	21.89 	22.35 	21.90 	6.47 
82	31.72 	32.19 	31.64 	31.85 	27.21 	26.64 	27.10 	26.98 	4.87 
83	22.34 	22.81 	23.30 	22.82 	19.23 	19.66 	20.12 	19.67 	3.15 
84	25.67 	26.14 	26.59 	26.13 	21.78 	22.21 	21.67 	21.89 	4.25 
85	19.45 	19.92 	20.41 	19.93 	18.45 	18.88 	19.34 	18.89 	1.04 
86	28.90 	29.37 	28.82 	29.03 	23.90 	24.33 	23.79 	24.01 	5.02 
87	21.78 	22.25 	22.74 	22.26 	20.67 	21.10 	20.56 	20.78 	1.48 
88	24.34 	24.81 	25.26 	24.80 	22.23 	22.66 	22.12 	22.34 	2.47 
89	27.12 	27.59 	28.04 	27.58 	24.45 	24.88 	24.34 	24.56 	3.03 
90	20.56 	21.03 	21.52 	21.04 	19.34 	19.77 	20.23 	19.78 	1.26 
91	23.78 	24.25 	24.70 	24.24 	21.56 	21.99 	21.45 	21.67 	2.58 
92	26.78 	27.25 	27.74 	27.26 	23.78 	24.21 	23.67 	23.89 	3.37 
93	22.89 	23.36 	23.81 	23.35 	20.78 	21.21 	20.67 	20.89 	2.47 
94	25.12 	25.59 	26.08 	25.60 	22.89 	23.32 	22.78 	23.00 	2.60 
95	28.45 	28.92 	29.37 	28.91 	25.12 	25.55 	25.01 	25.23 	3.69 
96	21.56 	22.03 	22.52 	22.04 	19.89 	20.32 	20.78 	20.33 	1.71 
97	24.67 	25.14 	25.59 	25.13 	22.12 	22.55 	22.01 	22.23 	2.91 
98	27.89 	28.36 	28.85 	28.37 	24.45 	24.88 	24.34 	24.56 	3.81 
99	20.90 	21.37 	21.82 	21.36 	19.56 	19.99 	20.45 	20.00 	1.36 
100	23.78 	24.25 	24.74 	24.26 	21.23 	21.66 	21.12 	21.34 	2.92 
101	25.13 	25.42 	25.66 	25.40 	23.56 	23.99 	23.45 	23.67 	1.74 
102	28.46 	28.98 	28.77 	28.74 	20.45 	20.88 	21.34 	20.89 	7.85 
103	21.57 	22.13 	21.84 	21.85 	22.89 	23.32 	22.78 	23.00 	-1.15 
104	24.68 	24.97 	25.26 	24.97 	25.12 	25.55 	25.01 	25.23 	-0.26 
105	27.90 	28.46 	28.17 	28.18 	19.23 	19.66 	20.12 	19.67 	8.51 
106	20.91 	21.20 	21.49 	21.20 	21.78 	22.21 	21.67 	21.89 	-0.69 
107	23.79 	24.35 	24.06 	24.07 	24.12 	24.55 	24.01 	24.23 	-0.16 
108	20.23 	20.52 	20.81 	20.52 	18.89 	19.32 	19.78 	19.33 	1.19 
109	23.12 	23.68 	23.39 	23.40 	20.56 	20.99 	20.45 	20.67 	2.73 
110	26.45 	26.74 	27.03 	26.74 	22.89 	23.32 	22.78 	23.00 	3.74 
111	22.78 	23.34 	23.05 	23.06 	20.23 	20.66 	21.12 	20.67 	2.39 
112	25.12 	25.41 	25.66 	25.40 	21.56 	21.99 	21.45 	21.67 	3.73 
113	28.78 	29.34 	29.09 	29.07 	24.45 	24.88 	24.34 	24.56 	4.51 
114	21.89 	22.18 	22.43 	22.17 	19.56 	19.99 	20.45 	20.00 	2.17 
115	24.34 	24.90 	24.65 	24.63 	21.23 	21.66 	21.12 	21.34 	3.29 
116	27.12 	27.41 	27.66 	27.40 	23.56 	23.99 	23.45 	23.67 	3.73 
117	20.56 	21.12 	20.87 	20.85 	18.23 	18.66 	19.12 	18.67 	2.18 
118	23.67 	23.96 	24.21 	23.95 	20.89 	21.32 	20.78 	21.00 	2.95 
119	26.01 	26.57 	26.32 	26.30 	22.23 	22.66 	22.12 	22.34 	3.96 
120	22.01 	22.30 	22.55 	22.29 	19.89 	20.32 	20.78 	20.33 	1.96 
121	25.45 	26.01 	25.72 	25.73 	21.56 	21.99 	21.45 	21.67 	4.06 
122	28.34 	28.63 	28.92 	28.63 	24.12 	24.55 	24.01 	24.23 	4.40 
123	21.23 	21.79 	21.50 	21.51 	18.89 	19.32 	19.78 	19.33 	2.18 
124	24.78 	25.07 	25.36 	25.07 	20.56 	20.99 	20.45 	20.67 	4.40 
125	27.56 	28.12 	27.83 	27.84 	22.89 	23.32 	22.78 	23.00 	4.84 
126	20.89 	21.18 	21.47 	21.18 	18.23 	18.66 	19.12 	18.67 	2.51 
127	23.90 	24.46 	24.17 	24.18 	20.23 	20.66 	21.12 	20.67 	3.51 
128	26.34 	26.63 	26.92 	26.63 	21.56 	21.99 	21.45 	21.67 	4.96 
129	22.34 	22.90 	22.61 	22.62 	19.23 	19.66 	20.12 	19.67 	2.95 
130	25.78 	26.07 	26.36 	26.07 	21.78 	22.21 	21.67 	21.89 	4.18 
131	28.12 	28.68 	28.39 	28.40 	23.45 	23.88 	23.34 	23.56 	4.84 
132	21.89 	22.18 	22.47 	22.18 	18.89 	19.32 	19.78 	19.33 	2.85 
133	24.01 	24.57 	24.28 	24.29 	20.23 	20.66 	21.12 	20.67 	3.62 
134	27.45 	27.74 	28.03 	27.74 	21.89 	22.32 	21.78 	22.00 	5.74 
135	20.56 	21.12 	20.83 	20.84 	17.89 	18.32 	18.78 	18.33 	2.51 
136	23.45 	23.74 	24.03 	23.74 	19.56 	19.99 	20.45 	20.00 	3.74 
137	26.78 	27.34 	27.05 	27.06 	20.89 	21.32 	20.78 	21.00 	6.06 
138	22.78 	23.07 	23.36 	23.07 	19.23 	19.66 	20.12 	19.67 	3.40 
139	25.12 	25.68 	25.39 	25.40 	20.56 	20.99 	20.45 	20.67 	4.73 
140	28.45 	28.74 	29.03 	28.74 	22.23 	22.66 	22.12 	22.34 	6.40 
141	21.89 	22.45 	22.16 	22.17 	18.56 	18.99 	19.45 	19.00 	3.17 
142	24.34 	24.63 	24.92 	24.63 	19.89 	20.32 	20.78 	20.33 	4.30 
143	27.12 	27.68 	27.39 	27.40 	21.23 	21.66 	21.12 	21.34 	6.06 
144	20.56 	20.85 	21.14 	20.85 	17.56 	17.99 	18.45 	18.00 	2.85 
145	23.67 	24.23 	23.94 	23.95 	19.23 	19.66 	20.12 	19.67 	4.28 
146	26.01 	26.30 	26.59 	26.30 	20.56 	20.99 	20.45 	20.67 	5.63 
147	22.01 	22.57 	22.28 	22.29 	18.23 	18.66 	19.12 	18.67 	3.62 
148	25.45 	25.74 	26.03 	25.74 	19.89 	20.32 	20.78 	20.33 	5.41 
149	28.34 	28.90 	28.61 	28.62 	21.23 	21.66 	21.12 	21.34 	7.28 
150	21.56 	21.85 	22.14 	21.85 	17.89 	18.32 	18.78 	18.33 	3.52 
151	24.78 	25.34 	25.05 	25.06 	19.23 	19.66 	20.12 	19.67 	5.39 
152	27.56 	27.85 	28.14 	27.85 	20.23 	20.66 	21.12 	20.67 	7.18 
153	20.89 	21.45 	21.16 	21.17 	17.23 	17.66 	18.12 	17.67 	3.50 
154	23.90 	24.19 	24.48 	24.19 	18.56 	18.99 	19.45 	19.00 	5.19 
155	26.34 	26.90 	26.61 	26.62 	19.89 	20.32 	20.78 	20.33 	6.29 
156	22.34 	22.63 	22.92 	22.63 	18.23 	18.66 	19.12 	18.67 	3.96 
157	25.78 	26.34 	26.05 	26.06 	19.56 	19.99 	20.45 	20.00 	6.06 
158	28.12 	28.41 	28.70 	28.41 	20.89 	21.32 	20.78 	21.00 	7.41 
159	21.56 	22.12 	21.83 	21.84 	17.89 	18.32 	18.78 	18.33 	3.51 
160	24.34 	24.63 	24.92 	24.63 	18.56 	18.99 	19.45 	19.00 	5.63 
161	27.45 	28.01 	27.72 	27.73 	19.89 	20.32 	20.78 	20.33 	7.40 
162	20.56 	20.85 	21.14 	20.85 	16.89 	17.32 	17.78 	17.33 	3.52 
163	23.78 	24.34 	24.09 	24.07 	17.89 	18.32 	18.78 	18.33 	5.74 
164	26.78 	27.07 	27.32 	27.06 	19.23 	19.66 	20.12 	19.67 	7.39 
165	22.78 	23.34 	23.09 	23.07 	17.89 	18.32 	18.78 	18.33 	4.74 
166	25.12 	25.41 	25.66 	25.40 	18.56 	18.99 	19.45 	19.00 	6.40 
167	28.45 	29.01 	28.76 	28.74 	19.89 	20.32 	20.78 	20.33 	8.41 
168	21.89 	22.18 	22.43 	22.17 	19.23 	19.66 	20.12 	19.67 	2.50 
169	24.34 	24.90 	24.65 	24.63 	18.23 	18.66 	19.12 	18.67 	5.96 
170	27.12 	27.41 	27.70 	27.41 	19.56 	19.99 	20.45 	20.00 	7.41 
171	20.56 	21.12 	20.83 	20.84 	16.56 	16.99 	17.45 	17.00 	3.84 
172	23.67 	24.23 	23.98 	23.96 	17.89 	18.32 	18.78 	18.33 	5.63 
173	26.34 	26.90 	26.61 	26.62 	17.56 	17.99 	18.45 	18.00 	8.62 
174	22.01 	22.30 	22.59 	22.30 	17.23 	17.66 	18.12 	17.67 	4.63 
175	25.45 	26.01 	25.76 	25.74 	18.23 	18.66 	19.12 	18.67 	7.07 
176	26.67 	26.96 	27.21 	26.95 	17.50 	17.93 	18.39 	17.94 	9.01 
177	22.32 	22.88 	22.63 	22.61 	20.19 	19.62 	20.08 	19.96 	2.65 
178	23.01 	23.30 	23.55 	23.29 	18.36 	18.79 	19.25 	18.80 	4.49 
PS_01	25.50 	26.06 	25.81 	25.79 	22.73 	22.16 	22.62 	22.50 	3.29 
179	23.03 	23.32 	23.57 	23.31 	20.43 	20.86 	21.32 	20.87 	2.44 
180	26.12 	26.68 	26.43 	26.41 	22.31 	21.74 	22.20 	22.08 	4.33 
181	23.65 	23.94 	24.19 	23.93 	22.80 	23.23 	22.69 	22.91 	1.02 
182	26.03 	26.59 	26.34 	26.32 	22.02 	22.45 	21.91 	22.13 	4.19 
183	25.74 	26.03 	26.28 	26.02 	22.64 	23.07 	22.53 	22.75 	3.27 
184	24.34 	24.90 	24.65 	24.63 	22.23 	21.66 	22.12 	22.00 	2.63 
185	23.89 	24.18 	24.43 	24.17 	22.00 	22.43 	21.89 	22.11 	2.06 
186	26.22 	26.78 	26.49 	26.50 	22.41 	22.84 	22.30 	22.52 	3.98 
187	29.26 	29.55 	29.84 	29.55 	23.56 	23.99 	23.45 	23.67 	5.88 
188	25.38 	25.94 	25.65 	25.66 	23.42 	22.85 	23.31 	23.19 	2.46 
189	25.80 	26.09 	26.38 	26.09 	23.19 	23.62 	23.08 	23.30 	2.79 
PS_02	24.10 	24.66 	24.37 	24.38 	22.41 	22.84 	22.30 	22.52 	1.86 
190	23.84 	24.40 	24.15 	24.13 	23.26 	22.69 	23.15 	23.03 	1.10 
191	25.02 	25.58 	25.29 	25.30 	21.07 	21.50 	21.96 	21.51 	3.79 
192	24.31 	24.87 	24.62 	24.60 	22.51 	21.94 	22.40 	22.28 	2.32 
193	22.35 	22.91 	22.62 	22.63 	22.00 	22.43 	21.89 	22.11 	0.52 
194	23.15 	23.71 	23.46 	23.44 	22.82 	23.25 	22.71 	22.93 	0.51 
195	32.78 	33.34 	33.05 	33.06 	22.84 	23.27 	22.73 	22.95 	10.11 
196	24.01 	24.57 	24.32 	24.30 	22.00 	22.43 	21.89 	22.11 	2.19 
197	26.85 	27.41 	27.12 	27.13 	24.15 	23.58 	24.04 	23.92 	3.20 
198	28.57 	29.13 	28.88 	28.86 	22.39 	22.82 	22.28 	22.50 	6.36 
199	25.88 	26.44 	26.15 	26.16 	23.59 	23.02 	23.48 	23.36 	2.79 
200	29.01 	29.57 	29.32 	29.30 	23.79 	23.22 	23.68 	23.56 	5.74 
PS_03	26.13 	26.69 	26.40 	26.41 	22.65 	23.08 	22.54 	22.76 	3.65 
201	25.21 	25.77 	25.52 	25.50 	21.32 	21.75 	21.21 	21.43 	4.07 
202	23.75 	24.31 	24.02 	24.03 	22.00 	22.43 	21.89 	22.11 	1.92 
203	24.20 	24.76 	24.51 	24.49 	22.37 	22.80 	22.26 	22.48 	2.01 
204	26.87 	27.43 	27.14 	27.15 	23.76 	23.19 	23.65 	23.53 	3.61 
205	23.39 	23.95 	23.70 	23.68 	22.45 	22.88 	22.34 	22.56 	1.12 
206	23.80 	24.36 	24.07 	24.08 	23.14 	22.57 	23.03 	22.91 	1.16 
207	27.75 	28.31 	28.06 	28.04 	21.79 	22.22 	21.68 	21.90 	6.14 
208	27.79 	28.35 	28.06 	28.07 	22.00 	22.43 	21.89 	22.11 	5.96 
209	25.88 	26.44 	26.19 	26.17 	19.03 	19.46 	19.92 	19.47 	6.70 
210	24.63 	25.19 	24.90 	24.91 	22.48 	21.91 	22.37 	22.25 	2.65 
211	22.53 	23.09 	22.84 	22.82 	22.00 	22.43 	21.89 	22.11 	0.71 
PS_04	22.64 	23.20 	22.91 	22.92 	18.19 	18.62 	19.08 	18.63 	4.29 
212	24.46 	25.02 	24.77 	24.75 	23.59 	23.02 	23.48 	23.36 	1.39 
213	20.22 	20.78 	20.49 	20.50 	20.50 	20.93 	20.39 	20.61 	-0.11 
214	23.54 	24.10 	23.85 	23.83 	19.95 	20.38 	19.84 	20.06 	3.77 
215	21.58 	22.14 	21.85 	21.86 	19.02 	19.45 	18.91 	19.13 	2.73 
216	23.60 	24.16 	23.91 	23.89 	22.58 	22.01 	22.47 	22.35 	1.54 
217	23.95 	24.51 	24.22 	24.23 	22.87 	22.30 	22.76 	22.64 	1.58 
218	20.16 	20.72 	20.47 	20.45 	17.87 	18.30 	18.76 	18.31 	2.14 
219	22.78 	23.34 	23.05 	23.06 	19.57 	19.00 	19.46 	19.34 	3.71 
220	21.61 	22.17 	21.92 	21.90 	17.54 	17.97 	18.43 	17.98 	3.92 
221	22.77 	23.33 	23.04 	23.05 	20.95 	20.38 	20.84 	20.72 	2.32 
222	22.40 	22.96 	22.71 	22.69 	19.91 	20.34 	19.80 	20.02 	2.67 
PS_05	25.87 	26.43 	26.14 	26.15 	22.09 	21.52 	21.98 	21.86 	4.28 
223	24.12 	24.68 	24.43 	24.41 	18.78 	19.21 	18.67 	18.89 	5.52 
224	23.78 	24.34 	24.05 	24.06 	21.78 	22.21 	21.67 	21.89 	2.17 
225	24.12 	24.68 	24.43 	24.41 	21.89 	22.32 	21.78 	22.00 	2.41 
226	24.67 	25.23 	24.94 	24.95 	18.56 	18.99 	19.45 	19.00 	5.95 
227	24.56 	25.12 	24.87 	24.85 	18.34 	18.77 	18.23 	18.45 	6.40 
228	23.99 	24.55 	24.26 	24.27 	21.56 	21.99 	21.45 	21.67 	2.60 
229	24.78 	25.34 	25.09 	25.07 	18.45 	18.88 	19.34 	18.89 	6.18 
230	23.78 	24.34 	24.05 	24.06 	21.34 	21.77 	21.23 	21.45 	2.61 
231	24.78 	25.34 	25.09 	25.07 	18.23 	18.66 	19.12 	18.67 	6.40 
232	23.67 	24.23 	23.94 	23.95 	20.78 	21.21 	20.67 	20.89 	3.06 
233	23.89 	24.45 	24.20 	24.18 	20.89 	21.32 	21.78 	21.33 	2.85 
PS_06	24.00 	24.56 	24.27 	24.28 	23.78 	23.21 	23.67 	23.55 	0.72 
234	23.89 	24.45 	24.20 	24.18 		21.77 	21.23 	21.50 	2.68 
235	23.56 	24.12 	23.87 	23.85 	20.89 	21.32 	20.78 	21.00 	2.85 
236		25.68 	25.39 	25.54 	19.89 	20.32 	20.78 	20.33 	5.21 
237	24.89 	25.45 	25.20 	25.18 	19.45 	19.88 	19.34 	19.56 	5.62 
238	24.89 		25.16 	25.03 	19.45 	19.88 	19.34 	19.56 	5.47 
239	25.01 	25.57 	25.32 	25.30 	19.56 		19.45 	19.51 	5.80 
240	23.78 	24.34 	24.05 	24.06 	21.12 		21.01 	21.07 	2.99 
241	24.89 	25.45 	25.20 	25.18 	19.34 	19.77 	19.23 	19.45 	5.73 
242	23.56 	24.12 	23.83 	23.84 	20.23 	20.66 	20.12 	20.34 	3.50 
243	23.67 	24.23 		23.95 		20.77 	20.23 	20.50 	3.45 
244	24.12 	24.68 	24.39 	24.40 	20.78 	21.21 		21.00 	3.40 
PS_07	24.97 	25.53 	25.28 	25.26 	21.05 	21.48 	20.94 	21.16 	4.10 
245	24.23 	24.79 	24.50 	24.51 	21.56 	21.99 	21.45 	21.67 	2.84 
246	23.56 	24.12 	23.87 	23.85 	20.45 	20.88 	20.34 	20.56 	3.29 
247	24.23 	24.79 	24.50 	24.51 	21.23 	21.66 	21.12 	21.34 	3.17 
248	24.67 	25.23 	24.98 	24.96 	18.89 	19.32 	19.78 	19.33 	5.63 
249	24.56 	25.12 	24.83 	24.84 	18.78 	19.21 	18.67 	18.89 	5.95 
250	25.12 	25.68 	25.43 	25.41 		19.77 	19.23 	19.50 	5.91 
251	24.89 	25.45 	25.16 	25.17 	19.12 	19.55 	19.01 	19.23 	5.94 
252	25.01 	25.57 	25.32 	25.30 	19.23 	19.66 	19.12 	19.34 	5.96 
253	23.12 	23.68 	23.39 	23.40 	18.23 	18.66 	19.12 	18.67 	4.73 
254	24.12 	24.68 	24.43 	24.41 	21.45 		21.34 	21.40 	3.02 
255	24.51 	25.07 	24.78 	24.79 	20.12 	20.55 	20.01 	20.23 	4.56 
PS_08	24.09 	24.65 	24.40 	24.38 	21.59 	21.02 	21.48 	21.36 	3.02 
256	23.14 	23.70 	23.41 	23.42 	16.78 	17.21 	17.67 	17.22 	6.20 
257	24.88 	25.44 	25.19 	25.17 	18.34 	18.77 	18.23 	18.45 	6.72 
258	23.69 	24.25 	23.96 	23.97 	20.11 	20.54 	20.00 	20.22 	3.75 
259	24.23 	24.79 	24.54 	24.52 	21.67 	21.10 	21.56 	21.44 	3.08 
260	23.02 	23.58 	23.29 	23.30 	21.11 	21.54 	21.00 	21.22 	2.08 
261	23.78 	24.34 	24.09 	24.07 	20.56 	20.99 	20.45 	20.67 	3.40 
262	23.89 	24.45 	24.16 	24.17 	20.67 	21.10 	20.56 	20.78 	3.39 
263	25.01 	25.57 	25.32 	25.30 	19.78 	20.21 	19.67 	19.89 	5.41 
264	24.78 	25.34 	25.05 	25.06 	19.67 	20.10 	19.56 	19.78 	5.28 
265	23.89 	24.45 	24.20 	24.18 	19.34 	19.77 	19.23 	19.45 	4.73 
266	23.67 	24.23 	23.94 	23.95 	20.23 	20.66 	20.12 	20.34 	3.61 
PS_09	23.79 	24.35 	24.10 	24.08 	21.27 	20.70 	21.16 	21.04 	3.04 
267	23.98 	24.54 	24.25 	24.26 	19.12 	19.55 	19.01 	19.23 	5.03 
268	23.90 	24.46 	24.21 	24.19 	20.34 	20.77 	20.23 	20.45 	3.74 
269	24.13 	24.69 	24.40 	24.41 	19.78 	20.21 	19.67 	19.89 	4.52 
270	23.98 	24.54 	24.29 	24.27 	20.56 	20.99 	20.45 	20.67 	3.60 
271	23.89 	24.45 	24.16 	24.17 	18.45 	18.88 	19.34 	18.89 	5.28 
272	24.15 	24.71 	24.46 	24.44 	17.89 	18.32 	18.78 	18.33 	6.11 
273	25.15 	25.71 	25.42 	25.43 	20.89 	21.32 	20.78 	21.00 	4.43 
274	23.70 	24.26 	24.01 	23.99 	19.23 	19.66 	20.12 	19.67 	4.32 
275	24.12 	24.68 	24.39 	24.40 	19.78 	20.21 	19.67 	19.89 	4.51 
276	24.13 	24.69 	24.44 	24.42 	19.23 	19.66 	19.12 	19.34 	5.08 
277	24.99 	25.55 	25.26 	25.27 	17.89 	18.32 	18.78 	18.33 	6.94 
PS_10	23.91 	24.47 	24.22 	24.20 	20.44 	19.87 	20.33 	20.21 	3.99 
278	24.14 	24.70 	24.41 	24.42 	19.67 	20.10 	19.56 	19.78 	4.64 
279	23.69 	24.25 	23.96 	23.97 	20.45 	20.88 	20.34 	20.56 	3.41 
280	23.81 	24.37 	24.12 	24.10 	19.34 	19.77 	19.23 	19.45 	4.65 
281	24.79 	25.35 	25.06 	25.07 	20.12 	20.55 	20.01 	20.23 	4.84 
282	24.46 	25.42 	25.17 	25.02 	18.67 	19.10 	18.56 	18.78 	6.24 
283	24.57 	25.13 	24.84 	24.85 	17.12 	17.55 	18.01 	17.56 	7.29 
284	24.13 	24.69 	24.44 	24.42 	18.89 	19.32 	19.78 	19.33 	5.09 
285	25.13 	25.69 	25.40 	25.41 	17.67 	18.10 	17.56 	17.78 	7.63 
286	24.79 	25.35 	25.10 	25.08 	18.34 	18.77 	18.23 	18.45 	6.63 
287	25.02 	25.58 	25.29 	25.30 	17.45 	17.88 	18.34 	17.89 	7.41 
288	23.97 	24.53 	24.28 	24.26 	18.56 	18.99 	19.45 	19.00 	5.26 
PS_11	24.57 	25.13 	24.84 	24.85 	20.42 	19.85 	20.31 	20.19 	4.65 
289	24.90 	25.46 	25.21 	25.19 	17.78 	18.21 	17.67 	17.89 	7.30 
290	24.69 	25.25 	24.96 	24.97 	18.12 	18.55 	18.01 	18.23 	6.74 
291	25.14 	25.70 	25.45 	25.43 	17.89 	18.32 	18.78 	18.33 	7.10 
292	23.58 	24.14 	23.85 	23.86 	18.67 	19.10 	18.56 	18.78 	5.08 
293	24.25 	24.81 	24.56 	24.54 	19.45 	19.88 	19.34 	19.56 	4.98 
294	23.92 	24.48 	24.19 	24.20 	20.67 	21.10 	20.56 	20.78 	3.42 
295	23.82 	24.38 	24.13 	24.11 	19.12 	19.55 	19.01 	19.23 	4.88 
296	24.80 	25.36 	25.07 	25.08 	20.67 	21.10 	20.56 	20.78 	4.30 
297	24.47 	25.03 	24.78 	24.76 	17.89 	18.32 	18.78 	18.33 	6.43 
298	24.58 	25.14 	24.85 	24.86 	18.78 	19.21 	18.67 	18.89 	5.97 
299	24.17 	24.73 	24.48 	24.46 	17.34 	17.77 	17.23 	17.45 	7.01 
PS_12	25.20 	25.76 	25.47 	25.48 	22.13 	21.56 	22.02 	21.90 	3.57 
300	24.75 	25.31 	25.06 	25.04 	18.56 	18.99 	19.45 	19.00 	6.04 
301	25.08 	25.64 	25.35 	25.36 	17.67 	18.10 	17.56 	17.78 	7.58 
302	24.87 	25.43 	25.18 	25.16 	18.12 	18.55 	18.01 	18.23 	6.93 
303	25.32 	25.88 	25.59 	25.60 	17.89 	18.32 	18.78 	18.33 	7.27 
304	24.98 	25.54 	25.29 	25.27 	18.67 	19.10 	18.56 	18.78 	6.49 
305	25.21 	25.77 	25.48 	25.49 	17.89 	18.32 	18.78 	18.33 	7.16 
306	24.21 	24.77 	24.52 	24.50 	18.78 	19.21 	18.67 	18.89 	5.61 
307	25.09 	25.65 	25.36 	25.37 	17.34 	17.77 	17.23 	17.45 	7.92 
308	24.88 	25.44 	25.19 	25.17 	18.45 	18.88 	19.34 	18.89 	6.28 
309	25.33 	25.89 	25.60 	25.61 	17.56 	17.99 	18.45 	18.00 	7.61 
310	25.24 	25.80 	25.55 	25.53 	18.89 	19.32 	19.78 	19.33 	6.20 
PS_13	23.99 	24.55 	24.26 	24.27 	24.79 	24.22 	24.68 	24.56 	-0.30 
311	24.22 	24.78 	24.53 	24.51 	19.89 	20.32 	20.78 	20.33 	4.18 
312	23.77 	24.33 	24.04 	24.05 	20.56 	20.99 	20.45 	20.67 	3.38 
313	23.89 	24.45 	24.20 	24.18 	19.67 	20.10 	19.56 	19.78 	4.40 
314	24.78 	25.34 	25.05 	25.06 	20.78 	21.21 	20.67 	20.89 	4.17 
315	25.11 	25.67 	25.42 	25.40 	17.67 	18.10 	17.56 	17.78 	7.62 
316	24.90 	25.46 	25.17 	25.18 	18.12 	18.55 	18.01 	18.23 	6.95 
317	23.90 	24.46 	24.21 	24.19 	17.89 	18.32 	18.78 	18.33 	5.86 
318	23.67 	24.23 	23.94 	23.95 	20.12 	20.55 	20.01 	20.23 	3.72 
319	24.34 	24.90 	24.65 	24.63 	19.45 	19.88 	19.34 	19.56 	5.07 
320	24.01 	24.57 	24.28 	24.29 	20.67 	21.10 	20.56 	20.78 	3.51 
321	26.07 	26.63 	26.38 	26.36 	19.12 	19.55 	19.01 	19.23 	7.13 
PS_14	24.80 	25.36 	25.07 	25.08 	22.94 	22.37 	22.83 	22.71 	2.36 
322	25.13 	25.69 	25.44 	25.42 	17.12 	17.55 	18.01 	17.56 	7.86 
323	25.01 	25.57 	25.28 	25.29 	18.34 	18.77 	18.23 	18.45 	6.84 
324	24.91 	25.47 	25.22 	25.20 	17.89 	18.32 	18.78 	18.33 	6.87 
325	25.36 	25.92 	25.63 	25.64 	17.56 	17.99 	18.45 	18.00 	7.64 
326	25.02 	25.58 	25.33 	25.31 	18.89 	19.32 	19.78 	19.33 	5.98 
327	23.69 	24.25 	23.96 	23.97 	17.23 	17.66 	18.12 	17.67 	6.30 
328	24.36 	24.92 	24.67 	24.65 	19.89 	20.32 	20.78 	20.33 	4.32 
329	24.03 	24.59 	24.30 	24.31 	20.23 	20.66 	20.12 	20.34 	3.97 
330	25.26 	25.82 	25.57 	25.55 	19.67 	20.10 	19.56 	19.78 	5.77 
331	24.81 	25.37 	25.08 	25.09 	18.56 	18.99 	19.45 	19.00 	6.09 
332	23.75 	24.31 	24.06 	24.04 	17.67 	18.10 	17.56 	17.78 	6.26 
PS_15	25.28 	25.84 	25.55 	25.56 	21.05 	20.48 	20.94 	20.82 	4.73 
333	24.83 	25.39 	25.14 	25.12 	18.23 	18.66 	19.12 	18.67 	6.45 
334	25.16 	25.72 	25.43 	25.44 	17.12 	17.55 		17.34 	8.10 
335	24.95 	25.51 	25.26 	25.24 	18.34 	18.77 	18.23 	18.45 	6.79 
336	25.40 	25.96 	25.67 	25.68 	17.89 	18.32 		18.11 	7.57 
337	25.06 	25.62 	25.37 	25.35 	18.89 	19.32 	19.78 	19.33 	6.02 
338	25.29 	25.85 	25.56 	25.57 	17.78 	18.21 	17.67 	17.89 	7.68 
339	24.84 	25.40 	25.15 	25.13 	18.56 	18.99 	19.45 	19.00 	6.13 
340	25.17 	25.73 	25.44 	25.45 	17.67 	18.10 	17.56 	17.78 	7.67 
341	24.96 	25.52 	25.27 	25.25 	18.12 	18.55 	18.01 	18.23 	7.02 
342	25.41 	25.97 	25.68 	25.69 	17.89 	18.32 	18.78 	18.33 	7.36 
343	25.54 	26.10 	25.85 	25.83 	18.67 	19.10 	18.56 	18.78 	7.05 
PS_16	25.18 	25.74 	25.45 	25.46 	22.20 	21.63 	22.09 	21.97 	3.48 
344	24.19 	24.75 	24.50 	24.48 	18.45 	18.88 	19.34 	18.89 	5.59 
345	24.97 	25.53 	25.24 	25.25 	19.12 	19.55 	19.01 	19.23 	6.02 
346	25.42 	25.98 	25.73 	25.71 	17.56 	17.99 	18.45 	18.00 	7.71 
347	25.08 	25.64 	25.35 	25.36 	18.89 	19.32 	19.78 	19.33 	6.03 
348	23.70 	24.26 	24.01 	23.99 	17.23 	17.66 	18.12 	17.67 	6.32 
349	24.37 	24.93 	24.64 	24.65 	19.45 	19.88 	19.34 	19.56 	5.09 
350	24.04 	24.60 	24.35 	24.33 	20.67 	21.10 	20.56 	20.78 	3.55 
351	24.27 	24.83 	24.54 	24.55 	19.12 	19.55 	19.01 	19.23 	5.32 
352	23.82 	24.38 	24.13 	24.11 	20.89 	21.32 	20.78 	21.00 	3.11 
353	23.94 	24.50 	24.21 	24.22 	19.78 	20.21 	19.67 	19.89 	4.33 
354	26.09 	26.65 	26.40 	26.38 	20.34 	20.77 	20.23 	20.45 	5.93 
PS_17	24.26 	24.82 	24.53 	24.54 	23.52 	22.95 	23.41 	23.29 	1.24 
355	23.81 	24.37 	24.12 	24.10 	20.78 	21.21 	20.67 	20.89 	3.21 
356	23.93 	24.49 	24.20 	24.21 	19.34 	19.77 	19.23 	19.45 	4.76 
357	25.31 	25.87 	25.62 	25.60 	20.12 	20.55 	20.01 	20.23 	5.37 
358	24.86 	25.42 	25.13 	25.14 	18.23 	18.66 	19.12 	18.67 	6.47 
359	25.19 	25.75 	25.50 	25.48 	17.12 	17.55 	18.01 	17.56 	7.92 
360	24.98 	25.54 	25.25 	25.26 	18.34 	18.77 	18.23 	18.45 	6.81 
361	25.43 	25.99 	25.74 	25.72 	17.89 	18.32 	18.78 	18.33 	7.39 
362	23.66 	24.22 	23.97 	23.95 	18.45 	18.88 	19.34 	18.89 	5.06 
363	24.33 	24.89 	24.60 	24.61 	19.89 	20.32 	20.78 	20.33 	4.28 
364	24.00 	24.56 	24.31 	24.29 	20.23 	20.66 	20.12 	20.34 	3.95 
365	25.08 	25.64 	25.35 	25.36 	19.67 	20.10 	19.56 	19.78 	5.58 
PS_18	23.78 	24.34 	24.09 	24.07 	23.51 	22.94 	23.40 	23.28 	0.79 
366	25.14 	25.70 	25.41 	25.42 	19.34 	19.77 	19.23 	19.45 	5.97 
367	24.93 		25.24 	25.09 	18.12 	18.55 	18.01 	18.23 	6.86 
368	25.38 	25.94 	25.65 	25.66 	17.89 	18.32 	18.78 	18.33 	7.33 
369	25.04 	25.60 	25.35 	25.33 	18.67 	19.10 	18.56 	18.78 	6.55 
370	24.71 	25.27 	24.98 	24.99 	17.89 	18.32 	18.78 	18.33 	6.66 
371	24.24 		24.55 	24.40 	18.78 	19.21 	18.67 	18.89 	5.51 
372	23.79 	24.35 	24.06 	24.07 	20.89 	21.32 	20.78 	21.00 	3.07 
373	23.91 	24.47 	24.22 	24.20 	19.78 	20.21 	19.67 	19.89 	4.31 
374	23.68 	24.24 	23.95 	23.96 	20.34 	20.77 	20.23 	20.45 	3.51 
375	24.35 	24.91 	24.66 	24.64 	19.23 	19.66 	19.12 	19.34 	5.30 
376	25.45 	26.01 	25.72 	25.73 	20.56 	20.99 	20.45 	20.67 	5.06 
PS_19	25.09 	25.65 	25.40 	25.38 	21.68 	21.11 	21.57 	21.45 	3.93 
377	25.32 	25.88 	25.59 	25.60 	17.78 	18.21 	17.67 	17.89 	7.71 
378	24.87 	25.43 	25.18 	25.16 	18.56 	18.99 	19.45 	19.00 	6.16 
379	25.20 	25.76 	25.47 	25.48 	18.01 	18.44 	17.90 	18.12 	7.36 
380	24.99 	25.55 	25.30 	25.28 	18.12 	18.55 	18.01 	18.23 	7.05 
381	24.88 	25.44 	25.15 	25.16 	17.89 	18.32 	18.78 	18.33 	6.83 
382	25.10 	25.66 	25.41 	25.39 	18.67 	19.10 	18.56 	18.78 	6.61 
383	24.02 	24.58 	24.29 	24.30 	17.89 	18.32 	18.78 	18.33 	5.97 
384	24.25 	24.81 	24.56 	24.54 	19.89 	20.32 	20.78 	20.33 	4.21 
385	23.80 	24.36 	24.07 	24.08 	20.12 	20.55 	20.01 	20.23 	3.85 
386	23.92 	24.48 	24.23 	24.21 	19.67 	20.10 	19.56 	19.78 	4.43 
387	24.76 	25.32 	25.03 	25.04 	20.78 	21.21 	20.67 	20.89 	4.15 
PS_20	23.95 	24.51 	24.26 	24.24 	22.57 	22.00 	22.46 	22.34 	1.90 
388	23.72 	24.28 	24.03 	24.01 	20.78 	21.21 	20.67 	20.89 	3.12 
389	24.39 	24.95 	24.66 	24.67 	19.89 	20.32 	20.78 	20.33 	4.34 
390	24.06 	24.62 	24.37 	24.35 	20.23 	20.66 	20.12 	20.34 	4.01 
391	24.29 	24.85 	24.56 	24.57 	19.67 	20.10 	19.56 	19.78 	4.79 
392	23.84 	24.40 	24.15 	24.13 	20.45 	20.88 	20.34 	20.56 	3.57 
393	23.96 	24.52 	24.23 	24.24 	19.34 	19.77 	19.23 	19.45 	4.79 
394	23.73 	24.29 	24.04 	24.02 	20.12 	20.55 	20.01 	20.23 	3.79 
395	25.07 	25.63 	25.34 	25.35 	19.45 	19.88 	19.34 	19.56 	5.79 
396	25.30 	25.86 	25.61 	25.59 	17.89 	18.32 	18.78 	18.33 	7.26 
397	24.85 	25.41 	25.12 	25.13 	18.78 	19.21 	18.67 	18.89 	6.24 
398	24.78 	25.34 	25.09 	25.07 	17.34 	17.77 	17.23 	17.45 	7.62 
PS_21	24.38 	24.94 	24.65 	24.66 	22.70 	22.13 	22.59 	22.47 	2.18 
399	24.05 	24.61 	24.36 	24.34 	20.56 	20.99 	20.45 	20.67 	3.67 
400	25.33 	25.89 	25.60 	25.61 	19.89 	20.32 	20.78 	20.33 	5.28 
401	24.88 	25.44 	25.19 	25.17 	18.78 	19.21 	18.67 	18.89 	6.28 
402	25.21 	25.77 	25.48 	25.49 	17.34 		17.23 	17.29 	8.20 
403	24.22 	24.78 	24.53 	24.51 	18.45 		19.34 	18.90 	5.62 
404	25.00 	25.56 	25.27 	25.28 	19.12 	19.55 	19.01 	19.23 	6.05 
405	25.45 	26.01 	25.76 	25.74 	17.56 		18.45 	18.01 	7.74 
406	25.11 	25.67 	25.38 	25.39 	18.89 	19.32 	19.78 	19.33 	6.06 
407	25.34 	25.90 	25.65 	25.63 	17.23 	17.66 		17.45 	8.19 
408	24.89 	25.45 	25.16 	25.17 	18.23 		19.12 	18.68 	6.49 
409	24.40 	24.96 	24.71 	24.69 	17.12 	17.55 	18.01 	17.56 	7.13 
PS_22	24.07 	24.63 	24.34 	24.35 	22.00 	21.43 	21.89 	21.77 	2.57 
410	23.79 	24.46 	25.03 	24.43 	17.89 	18.32 	18.78 	18.33 	6.10 
411	24.23 	24.90 	25.44 	24.86 	18.45 	18.88 	19.34 	18.89 	5.97 
412	23.90 	24.57 	25.14 	24.54 	17.78 	18.21 	17.67 	17.89 	6.65 
413	24.12 	24.79 	25.33 	24.75 	18.56 	18.99 	19.45 	19.00 	5.75 
414	23.68 	24.35 	24.92 	24.32 	17.67 	18.10 	17.56 	17.78 	6.54 
415	23.06 	23.84 	24.38 	23.76 	20.67 	21.10 	20.56 	20.78 	2.98 
416	22.74 	23.52 	24.09 	23.45 	19.12 	19.55 	19.01 	19.23 	4.22 
417	24.24 	24.91 	25.45 	24.87 	18.67 	19.10 	18.56 	18.78 	6.09 
418	23.91 	24.58 	25.15 	24.55 	17.89 	18.32 	18.78 	18.33 	6.22 
419	24.13 	24.80 	25.34 	24.76 	18.78 	19.21 	18.67 	18.89 	5.87 
420	23.69 	24.36 	24.93 	24.33 	17.34 	17.77 	17.23 	17.45 	6.88 
PS_23	25.01 	25.37 	25.61 	25.33 	22.71 	22.14 	22.60 	22.48 	2.85 
421	24.02 	24.69 	25.26 	24.66 	18.45 	18.88 	19.34 	18.89 	5.77 
422	22.92 	23.70 	24.23 	23.62 	19.12 	19.55 	19.01 	19.23 	4.39 
423	23.81 	24.48 	25.05 	24.45 	17.56 	17.99 	18.45 	18.00 	6.45 
424	24.25 	24.92 	25.46 	24.88 	18.89 	19.32 	19.78 	19.33 	5.55 
425	23.92 	24.59 	25.16 	24.56 	17.23 	17.66 	18.12 	17.67 	6.89 
426	24.14 	24.81 	25.35 	24.77 	18.23 	18.66 	19.12 	18.67 	6.10 
427	23.70 	24.37 	24.94 	24.34 	17.12 	17.55 	18.01 	17.56 	6.78 
428	24.03 	24.70 	25.23 	24.65 	18.34 	18.77 	18.23 	18.45 	6.21 
429	23.82 	24.49 	25.06 	24.46 	17.89 	18.32 	18.78 	18.33 	6.13 
430	24.26 	24.93 	25.47 	24.89 	18.45 	18.88 	19.34 	18.89 	6.00 
431	23.93 	24.60 	25.17 	24.57 	17.78 	18.21 	17.67 	17.89 	6.68 
PS_24	27.19 	26.20 	26.21 	26.53 	22.56 	22.71 	22.75 	22.67 	3.86 
432	23.71 	24.38 	24.93 	24.34 	17.67 	18.01 	18.45 	18.04 	6.30 
433	24.04 	24.71 	25.26 	24.67 	18.12 	18.56 	18.89 	18.52 	6.15 
434	23.83 	24.50 	25.05 	24.46 	17.89 	18.23 	18.67 	18.26 	6.20 
435	24.27 	24.94 	25.50 	24.90 	18.67 	19.01 	19.45 	19.04 	5.86 
436	23.94 	24.61 	25.16 	24.57 	17.89 	18.23 	18.67 	18.26 	6.31 
437	24.16 	24.83 	25.39 	24.79 	18.78 	19.12 	19.56 	19.15 	5.64 
438	23.72 	24.39 		24.06 	17.34 	17.78 	18.12 	17.75 	6.31 
439	24.05 	24.72 		24.39 	18.45 	18.89 	19.23 	18.86 	5.53 
440	22.31 	23.20 	23.75 	23.09 	19.89 	20.23 	20.67 	20.26 	2.82 
441	23.08 	23.86 	24.42 	23.79 	20.23 	20.56 	20.99 	20.59 	3.19 
442	22.76 	23.54 	24.09 	23.46 	19.67 	20.01 	20.45 	20.04 	3.42 
PS_25		26.47 	26.86 	26.67 	22.64 	23.09 	23.57 	23.10 	3.56 
443	24.28 	24.95 	25.51 	24.91 	18.89 	19.23 	19.67 	19.26 	5.65 
444	23.95 	24.62 	25.17 	24.58 	17.23 	17.67 	17.99 	17.63 	6.95 
445	24.17 	24.84 	25.40 	24.80 	18.23 	18.67 	19.01 	18.64 	6.17 
446	23.73 	24.40 	24.95 	24.36 	17.12 	17.56 	17.89 	17.52 	6.84 
447	24.06 	24.73 	25.28 	24.69 	18.34 	18.78 	19.12 	18.75 	5.94 
448	23.85 	24.52 	25.07 	24.48 	17.89 	18.23 	18.56 	18.23 	6.25 
449	24.29 	24.96 	25.52 	24.92 	18.45 	18.89 	19.23 	18.86 	6.07 
450	23.96 	24.63 	25.18 	24.59 	17.78 	18.12 	18.56 	18.15 	6.44 
451	24.18 	24.85 	25.41 	24.81 	18.56 	18.99 	19.34 	18.96 	5.85 
452	23.74 	24.41 	24.96 	24.37 	17.67 	18.01 	18.45 	18.04 	6.33 
453	24.07 	24.74 	25.29 	24.70 	18.12 	18.56 	18.89 	18.52 	6.18 
PS_26	26.56 	26.14 	27.01 	26.57 	22.39 	22.44 	23.04 	22.62 	3.95 
454	23.97 	24.64 	25.19 	24.60 	17.89 	18.23 	18.67 	18.26 	6.34 
455	24.19 	24.86 	25.42 	24.82 	18.78 	19.12 	19.56 	19.15 	5.67 
456	23.75 	24.42 	24.97 	24.38 	17.34 	17.78 	18.12 	17.75 	6.63 
457	24.08 	24.75 	25.30 	24.71 	18.45 	18.89 	19.23 	18.86 	5.85 
458	22.98 	23.76 	24.31 	23.68 	19.12 	19.56 	19.89 	19.52 	4.16 
459	23.76 	24.43 	24.98 	24.39 	17.12 	17.56 	17.89 	17.52 	6.87 
460	24.09 	24.76 	25.31 	24.72 	18.34 	18.78 	19.12 	18.75 	5.97 
461	23.09 	23.87 	24.43 	23.80 	20.67 	21.01 	21.45 	21.04 	2.75 
462	22.77 	23.55 	24.10 	23.47 	19.12 	19.56 	19.89 	19.52 	3.95 
463	22.99 	23.77 	24.33 	23.70 	20.89 	21.23 	21.67 	21.26 	2.43 
464	22.55 	23.33 		22.94 	19.78 	20.12 	20.56 	20.15 	2.79 
PS_27	25.33 	25.91 	24.67 	25.30 	22.00 	22.00 	22.86 	22.29 	3.02 
465	23.69 	24.36 	24.91 	24.32 	18.45 	18.89 	19.23 	18.86 	5.46 
466	23.48 		24.70 	24.09 	17.56 	17.99 	18.34 	17.96 	6.13 
467	23.59 	24.26 	24.81 	24.22 	17.23 	17.67 	17.99 	17.63 	6.59 
468	23.81 	24.48 	25.04 	24.44 	18.23 		19.01 	18.62 	5.82 
469	23.37 		24.59 	23.98 	17.12 		17.89 	17.51 	6.48 
470	23.70 	24.37 	24.92 	24.33 	18.34 	18.78 	19.12 	18.75 	5.58 
471	23.49 	24.16 	24.71 	24.12 	17.89 	18.23 	18.56 	18.23 	5.89 
472		24.60 	25.16 	24.88 		18.89 	19.23 	19.06 	5.82 
473	23.60 	24.27 	24.82 	24.23 	17.78 		18.56 	18.17 	6.06 
474	23.82 	24.49 	25.05 	24.45 	18.56 	18.99 	19.34 	18.96 	5.49 
475	23.38 	24.05 	24.60 	24.01 	17.67 	18.01 		17.84 	6.17 
PS_28	26.78 	26.91 	25.42 	26.37 	23.22 	23.64 	23.76 	23.54 	2.83 
476	23.71 	24.38 	24.93 	24.34 	18.12 	18.56 	18.89 	18.52 	5.82 
477	23.50 	24.17 	24.72 	24.13 	17.89 	18.23 	18.67 	18.26 	5.87 
478	23.94 	24.61 	25.17 	24.57 		19.01 	19.45 	19.23 	5.34 
479	23.61 	24.28 	24.83 	24.24 	17.89 	18.23 	18.67 	18.26 	5.98 
480	23.83 	24.50 	25.06 	24.46 	18.78 	19.12 	19.56 	19.15 	5.31 
481	23.39 		24.61 	24.00 	17.34 	17.78 	18.12 	17.75 	6.25 
482	23.72 	24.39 	24.94 	24.35 	18.45 	18.89 	19.23 	18.86 	5.49 
483	23.51 	24.18 		23.85 	17.56 	17.99 	18.34 	17.96 	5.88 
484	23.95 	24.62 	25.18 	24.58 	18.89 	19.23 	19.67 	19.26 	5.32 
485	23.62 	24.29 	24.84 	24.25 	17.23 	17.67 		17.45 	6.80 
486	23.84 	24.51 	25.07 	24.47 	18.23 	18.67 	19.01 	18.64 	5.84 
PS_29	25.48 	26.78 	25.86 	26.04 	23.86 	22.99 	23.12 	23.32 	2.72 
487	22.61 	23.39 		23.00 	19.67 	20.01 	20.45 	20.04 	2.96 
488	22.83 	23.61 	24.17 	23.54 	20.45 	20.78 	21.12 	20.78 	2.75 
489	22.39 	23.17 	23.72 	23.09 	19.34 	19.78 	20.12 	19.75 	3.35 
490	22.51 	23.29 	23.84 	23.21 	20.12 	20.45 	20.89 	20.49 	2.73 
491	22.17 	23.06 	23.61 	22.95 	19.45 	19.89 	20.23 	19.86 	3.09 
492	22.94 	23.72 	24.28 	23.65 	20.67 		21.45 	21.06 	2.59 
493	22.62 	23.40 	23.95 	23.32 	19.12 	19.56 	19.89 	19.52 	3.80 
494	23.41 		24.63 	24.02 	17.67 	18.01 	18.45 	18.04 	5.98 
495	23.74 	24.41 	24.96 	24.37 	18.12 	18.56 	18.89 	18.52 	5.85 
496	23.53 	24.20 	24.75 	24.16 	17.89 	18.23 	18.67 	18.26 	5.90 
497	23.97 	24.64 	25.20 	24.60 	18.67 	19.01 	19.45 	19.04 	5.56 
PS_30	26.36 	26.71 	25.99 	26.35 	23.55 	23.66 	23.84 	23.68 	2.67 
498	22.18 	23.07 	23.62 	22.96 	19.23 	19.67 	19.99 	19.63 	3.33 
499	22.95 	23.73 	24.29 	23.66 	20.56 	20.89 	21.23 	20.89 	2.76 
500	23.86 	24.53 	25.09 	24.49 	18.78 	19.12 	19.56 	19.15 	5.34 
501	23.42 	24.09 	24.64 	24.05 	17.34 	17.78 	18.12 	17.75 	6.30 
502	23.75 	24.42 	24.97 	24.38 	18.45 	18.89 	19.23 	18.86 	5.52 
503	23.54 		24.76 	24.15 	17.56 	17.99 	18.34 	17.96 	6.19 
504	23.98 	24.65 	25.21 	24.61 	18.89 	19.23 	19.67 	19.26 	5.35 
505	23.65 	24.32 	24.87 	24.28 	17.23 		17.99 	17.61 	6.67 
506	23.87 	24.54 	25.10 	24.50 	18.23 	18.67 	19.01 	18.64 	5.87 
507	23.43 	24.10 	24.65 	24.06 	17.12 	17.56 	17.89 	17.52 	6.54 
508	23.76 	24.43 	24.98 	24.39 	18.34 	18.78 	19.12 	18.75 	5.64 
PS_31	26.60 	26.83 	27.14 	26.86 	23.40 	23.41 	23.53 	23.45 	3.41 
509	23.99 	24.66 	25.22 	24.62 	18.45 	18.89 	19.23 	18.86 	5.77 
510	23.66 	24.33 	24.88 	24.29 	17.78 	18.12 	18.56 	18.15 	6.14 
511	23.88 	24.55 	25.11 	24.51 	18.56 	18.99 	19.34 	18.96 	5.55 
512	23.44 	24.11 	24.66 	24.07 	17.67 	18.01 	18.45 	18.04 	6.03 
513	23.77 	24.44 	24.99 	24.40 	18.12 	18.56 	18.89 	18.52 	5.88 
514	23.56 	24.23 	24.78 	24.19 	17.89 	18.23 	18.67 	18.26 	5.93 
515		24.67 	25.23 	24.95 	18.67 	19.01 	19.45 	19.04 	5.91 
516	23.67 	24.34 	24.89 	24.30 	17.89 	18.23 	18.67 	18.26 	6.04 
517	23.89 	24.56 	25.12 	24.52 	18.78 	19.12 		18.95 	5.57 
518	23.45 	24.12 	24.67 	24.08 	17.34 	17.78 	18.12 	17.75 	6.33 
519	22.63 	23.41 	23.96 	23.33 	19.89 	20.23 	20.67 	20.26 	3.07 
PS_32	25.38 	25.44 	24.90 	25.24 	22.03 	22.36 	22.98 	22.46 	2.78 
520	22.85 	23.63 	24.19 	23.56 	20.12 	20.56 	20.89 	20.52 	3.03 
521	22.41 	23.19 	23.74 	23.11 	19.67 	20.01 	20.45 	20.04 	3.07 
522	22.53 	23.31 	23.86 	23.23 	20.78 	21.12 	21.56 	21.15 	2.08 
523	22.19 	23.08 	23.63 	22.97 	19.89 	20.23 	20.67 	20.26 	2.70 
524	23.57 		24.79 	24.18 	17.56 	17.99 	18.34 	17.96 	6.22 
525	24.01 	24.68 	25.24 	24.64 	18.89 	19.23 	19.67 	19.26 	5.38 
526	23.68 	24.35 	24.90 	24.31 	17.23 	17.67 	17.99 	17.63 	6.68 
527	23.90 	24.57 	25.13 	24.53 	18.23 	18.67 		18.45 	6.08 
528	23.46 	24.13 	24.68 	24.09 	17.12 	17.56 	17.89 	17.52 	6.57 
529	23.79 	24.46 	25.01 	24.42 	18.34 	18.78 	19.12 	18.75 	5.67 
530	23.58 	24.25 	24.80 	24.21 	17.89 	18.23 	18.56 	18.23 	5.98 
PS_33	28.02 	27.11 	27.07 	27.40 	24.83 	24.93 	23.36 	24.37 	3.03 
531	23.48 	24.15 	24.70 	24.11 	17.34 	17.78 	18.12 	17.75 	6.36 
532	23.81 	24.48 	25.03 	24.44 	18.45 	18.89 	19.23 	18.86 	5.58 
533	23.60 	24.27 	24.82 	24.23 	17.56 	17.99 	18.34 	17.96 	6.27 
534	24.04 	24.71 	25.27 	24.67 	18.89 	19.23 	19.67 	19.26 	5.41 
535	22.96 	23.74 	24.30 	23.67 	20.23 	20.56 	20.99 	20.59 	3.07 
536	22.64 	23.42 	23.97 	23.34 	19.67 	20.01 	20.45 	20.04 	3.30 
537	23.69 	24.36 	24.91 	24.32 	17.78 	18.12 	18.56 	18.15 	6.17 
538	23.91 	24.58 	25.14 	24.54 	18.56 	18.99 	19.34 	18.96 	5.58 
539	23.47 	24.14 	24.69 	24.10 	17.67 	18.01 	18.45 	18.04 	6.06 
540	23.80 	24.47 	25.02 	24.43 	18.12 	18.56 	18.89 	18.52 	5.91 
541	23.59 	24.26 	24.81 	24.22 	17.89 	18.23 	18.67 	18.26 	5.96 
PS_34	25.14 	24.56 	23.73 	24.48 	22.01 	22.36 	22.58 	22.32 	2.16 
542	23.71 	24.38 	24.93 	24.34 	17.23 	17.67 	17.99 	17.63 	6.71 
543	23.93 	24.60 	25.16 	24.56 	18.23 	18.67 	19.01 	18.64 	5.93 
544	23.49 	24.16 	24.71 	24.12 	17.12 	17.56 	17.89 	17.52 	6.60 
545	23.82 		25.04 	24.43 	18.34 	18.78 	19.12 	18.75 	5.68 
546	23.61 	24.28 	24.83 	24.24 	17.89 	18.23 	18.56 	18.23 	6.01 
547	24.05 	24.72 	25.28 	24.68 	18.45 	18.89 	19.23 	18.86 	5.83 
548	23.72 	24.39 	24.94 	24.35 	17.78 	18.12 	18.56 	18.15 	6.20 
549	23.94 	24.61 	25.17 	24.57 	18.56 	18.99 	19.34 	18.96 	5.61 
550	23.50 	24.17 	24.72 	24.13 	17.67 	18.01 	18.45 	18.04 	6.09 
551	22.86 	23.64 	24.20 	23.57 	20.45 	20.78 	21.12 	20.78 	2.78 
552	22.42 	23.20 	23.75 	23.12 	19.34 	19.78 	20.12 	19.75 	3.38 
PS_35	24.19 	25.32 	25.39 	24.97 	22.17 	22.24 	22.56 	22.32 	2.64 
553	22.54 	23.32 	23.87 	23.24 	20.12 	20.45 	20.89 	20.49 	2.76 
554	22.20 	23.09 	23.64 	22.98 	19.45 	19.89 	20.23 	19.86 	3.12 
555	23.83 	24.50 	25.05 	24.46 	18.12 	18.56 	18.89 	18.52 	5.94 
556	23.62 	24.29 	24.84 	24.25 	17.89 	18.23 	18.67 	18.26 	5.99 
557	24.06 	24.73 	25.29 	24.69 	18.67 	19.01 	19.45 	19.04 	5.65 
558	23.73 	24.40 	24.95 	24.36 	17.89 	18.23 	18.67 	18.26 	6.10 
559	23.95 	24.62 	25.18 	24.58 	18.78 	19.12 	19.56 	19.15 	5.43 
560	23.51 	24.18 	24.73 	24.14 	17.34 	17.78 	18.12 	17.75 	6.39 
561	23.84 	24.51 	25.06 	24.47 	18.45 	18.89 	19.23 	18.86 	5.61 
562	23.63 		24.85 	24.24 	17.56 	17.99 	18.34 	17.96 	6.28 
563	24.07 	24.74 	25.30 	24.70 	18.89 	19.23 	19.67 	19.26 	5.44 
PS_36	24.12 	24.67 	23.95 	24.25 	21.45 	21.90 	21.28 	21.54 	2.70 
564	25.34 	24.78 	25.12 	25.08 	22.67 	22.11 	22.45 	22.41 	2.67 
565	22.89 	23.45 	22.67 	23.00 	19.23 	19.78 	18.99 	19.33 	3.67 
566	23.67 	24.23 	23.98 	23.96 	20.98 	21.54 	21.31 	21.28 	2.68 
567	24.56 	23.89 	24.32 	24.26 	21.89 	21.22 	21.65 	21.59 	2.67 
568	22.45 	23.01 	22.78 	22.75 	18.78 	19.34 	19.07 	19.06 	3.68 
569	25.12 	25.67 	24.95 	25.25 	22.45 	22.99 	22.28 	22.57 	2.67 
570	23.23 	23.78 	23.56 	23.52 	20.56 	21.11 	20.89 	20.85 	2.67 
571	24.89 	24.34 	25.01 	24.75 	22.21 	21.66 	22.33 	22.07 	2.68 
572	22.67 	23.23 	22.98 	22.96 	18.99 	19.55 	19.28 	19.27 	3.69 
573	25.45 	24.78 	25.32 	25.18 	22.78 	22.11 	22.65 	22.51 	2.67 
574	23.98 	23.45 	24.12 	23.85 	21.29 	20.76 	21.43 	21.16 	2.69 
PS_37	24.23 	24.89 	24.56 	24.56 	21.54 	22.19 	21.87 	21.87 	2.69 
575	22.78 	23.34 	23.01 	23.04 	19.07 	19.63 	19.34 	19.35 	3.70 
576	25.67 	25.12 	25.45 	25.41 	22.99 	22.45 	22.87 	22.77 	2.64 
577	23.56 	23.01 	23.78 	23.45 	20.89 	20.34 	21.11 	20.78 	2.67 
578	24.34 	24.98 	24.67 	24.66 	21.66 	22.31 	21.98 	21.98 	2.68 
579	22.98 	22.45 	23.23 	22.89 	19.28 	18.76 	19.55 	19.20 	3.69 
580	24.78 	25.34 	25.12 	25.08 	22.11 	22.67 	22.45 	22.41 	2.67 
581	23.12 	23.67 	23.45 	23.41 	20.43 	20.98 	20.76 	20.72 	2.69 
582	25.01 	24.45 	24.89 	24.78 	22.33 	21.78 	22.19 	22.10 	2.68 
583	22.34 	22.89 	22.67 	22.63 	18.67 	19.23 	18.99 	18.96 	3.67 
584	24.56 	25.12 	24.78 	24.82 	21.89 	22.45 	22.12 	22.15 	2.67 
585	23.78 	23.23 	23.98 	23.66 	21.11 	20.56 	21.29 	20.99 	2.68 
PS_38	25.32 	24.78 	25.45 	25.18 	22.65 	22.11 	22.78 	22.51 	2.67 
586	22.67 	23.23 	22.45 	22.78 	18.99 	19.55 	18.76 	19.10 	3.68 
587	24.89 	25.45 	24.34 	24.89 	22.21 	22.78 	21.66 	22.22 	2.68 
588	23.45 	23.98 	23.12 	23.52 	20.76 	21.29 	20.43 	20.83 	2.69 
589	25.12 	24.56 	25.34 	25.01 	22.45 	21.89 	22.67 	22.34 	2.67 
590	22.89 	22.34 	23.01 	22.75 	19.23 	18.67 	19.34 	19.08 	3.67 
591	24.23 	24.78 	23.56 	24.19 	21.54 	22.11 	20.89 	21.51 	2.68 
592	23.98 	23.45 	24.12 	23.85 	21.29 	20.76 	21.43 	21.16 	2.69 
593	25.45 	24.89 	25.67 	25.34 	22.78 	22.21 	22.99 	22.66 	2.68 
594	22.45 	23.01 	22.78 	22.75 	18.76 	19.34 	19.07 	19.06 	3.69 
595	24.78 	25.34 	24.01 	24.71 	22.11 	22.67 	21.34 	22.04 	2.67 
596	23.67 	23.12 	23.98 	23.59 	20.98 	20.43 	21.11 	20.84 	2.75 
PS_39	25.01 	24.45 	25.23 	24.90 	22.33 	21.78 	22.54 	22.22 	2.68 
597	22.78 	23.34 	22.56 	22.89 	19.07 	19.63 	18.89 	19.20 	3.70 
598	24.34 	24.98 	23.67 	24.33 	21.66 	22.31 	20.98 	21.65 	2.68 
599	23.23 	23.78 	22.98 	23.33 	20.56 	21.11 	19.78 	20.48 	2.85 
600	25.67 	25.12 	24.34 	25.04 	22.99 	22.45 	21.67 	22.37 	2.67 
